410 454
411 490
415 525
421 560
430 596
447 629
471 656
504 675
542 678
579 673
610 652
634 626
649 595
658 561
665 530
670 497
674 464
438 441
457 427
483 422
508 427
532 436
563 436
588 427
613 424
638 428
655 442
549 456
549 484
548 513
548 541
519 549
531 556
546 561
560 557
573 551
464 455
478 446
496 447
510 459
494 462
477 461
584 459
599 448
616 447
629 457
616 462
600 462
489 597
509 587
528 584
544 589
560 585
577 588
594 599
576 606
559 608
542 609
526 608
507 605
495 597
527 595
543 598
560 596
589 599
559 596
543 597
527 595
